PETERSON_XCHG+yield:  200 338 338 0 (real CPU user system), ±9%–34% ±16%–57% ±0–4 (±real ±user ±system), SUCCESS, all 20 (207 215 220 214 206 202 199 206 207 200 222 216 150 147 132 213 203 219 235 195), (368 388 396 380 360 352 348 368 368 348 392 368 148 144 156 380 360 392 420 340), (0 0 4 0 0 0 4 0 0 0 0 0 0 0 0 0 0 0 0 0)
LOCKED+yield:         202 341 341 0 (real CPU user system), ±4%–16% ±10%–53% ±0–0 (±real ±user ±system), SUCCESS, all 20 (206 200 199 208 209 207 207 188 219 193 201 186 235 206 214 188 203 181 180 212), (364 352 352 360 372 364 372 324 384 336 352 324 420 364 388 320 348 220 160 356), (0 0 0 0 0 0 0 0 0 0 0 0 0 0 0 0 0 0 0 0)
LOCKED:               202 339 339 0 (real CPU user system), ±8%–26% ±16%–56% ±0–0 (±real ±user ±system), SUCCESS, all 20 (208 217 208 202 215 211 197 196 231 203 212 151 148 151 217 217 207 238 213 200), (368 392 372 352 380 368 344 340 412 352 360 148 148 164 388 384 360 428 376 348), (0 0 0 0 0 0 0 0 0 0 0 0 0 0 0 0 0 0 0 0)
MUTEX:                204 346 346 0 (real CPU user system), ±4%–11% ±9%–53% ±0–4 (±real ±user ±system), SUCCESS, all 20 (226 203 193 207 202 185 204 197 198 207 204 208 227 183 185 221 212 208 213 210), (404 360 336 368 348 316 352 344 348 364 356 368 380 160 232 396 380 368 376 372), (0 0 0 0 4 4 0 0 0 0 0 0 0 0 0 0 0 4 0 0)
PETERSON+yield:       205 349 349 0 (real CPU user system), ±5%–31% ±12%–63% ±0–0 (±real ±user ±system), SUCCESS, all 20 (209 224 181 140 210 211 211 211 202 213 193 225 213 207 210 239 193 206 201 218), (376 368 160 128 368 368 372 372 348 376 340 408 380 368 380 436 340 364 352 384), (0 0 0 0 0 0 0 0 0 0 0 0 0 0 0 0 0 0 0 0)
TEST_XCHG:            205 345 345 0 (real CPU user system), ±6%–36% ±13%–61% ±0–4 (±real ±user ±system), SUCCESS, all 20 (222 209 208 168 131 219 213 214 212 209 208 209 209 201 194 229 215 213 229 195), (400 364 284 156 132 388 376 380 376 372 368 368 368 352 336 400 380 376 392 344), (0 0 4 0 0 0 0 0 4 0 0 4 0 0 0 0 0 0 0 0)
XCHG:                 205 344 344 0 (real CPU user system), ±6%–34% ±13%–62% ±0–4 (±real ±user ±system), SUCCESS, all 20 (216 216 208 198 209 222 233 198 207 205 219 204 203 207 223 187 226 213 181 135), (384 384 368 344 364 396 412 348 364 360 396 352 344 360 396 316 384 320 160 128), (0 0 0 0 4 0 0 0 0 0 0 0 0 0 0 0 4 0 0 0)
SEM_POSIX:            206 348 348 0 (real CPU user system), ±4%–13% ±10%–54% ±0–4 (±real ±user ±system), SUCCESS, all 20 (210 221 192 199 220 209 209 215 215 206 207 215 187 199 219 207 220 214 182 179), (376 380 328 344 392 372 368 380 380 360 364 384 320 348 384 364 400 332 160 236), (0 0 0 4 0 0 0 0 0 4 0 0 0 0 0 0 0 0 0 0)
MQ_POSIX:             207 351 351 0 (real CPU user system), ±4%–14% ±10%–54% ±0–0 (±real ±user ±system), SUCCESS, all 20 (200 211 207 236 206 222 211 186 180 236 198 203 209 196 198 210 199 221 204 211), (352 376 340 432 364 408 372 224 160 408 344 360 372 336 344 376 336 380 364 380), (0 0 0 0 0 0 0 0 0 0 0 0 0 0 0 0 0 0 0 0)
MQ_SYSV:              207 349 349 0 (real CPU user system), ±3%–14% ±9%–54% ±0–4 (±real ±user ±system), SUCCESS, all 20 (225 206 210 211 212 209 216 238 201 207 212 196 198 180 211 206 201 216 196 200), (388 336 376 360 356 376 388 428 352 368 376 340 232 160 360 360 348 388 336 352), (0 4 0 0 0 0 0 0 0 0 0 0 0 0 0 0 0 0 4 0)
PETERSON_XCHG:        208 354 354 0 (real CPU user system), ±3%–15% ±9%–54% ±0–0 (±real ±user ±system), SUCCESS, all 20 (226 212 233 197 207 209 212 182 175 219 205 216 204 213 217 210 211 209 207 211), (408 376 412 348 364 376 344 160 212 392 364 384 356 376 384 372 376 368 364 352), (0 0 0 0 0 0 0 0 0 0 0 0 0 0 0 0 0 0 0 0)
SEM_SYSV:             208 350 350 0 (real CPU user system), ±5%–15% ±10%–53% ±0–4 (±real ±user ±system), SUCCESS, all 20 (240 203 209 181 238 208 193 206 206 212 191 210 218 191 185 230 208 213 207 213), (388 344 276 164 404 368 336 356 356 376 332 376 388 328 316 416 368 376 356 376), (4 0 0 0 0 0 0 0 0 0 0 0 0 0 0 0 0 0 0 0)
SEM_POSIX_NAMED:      209 370 370 0 (real CPU user system), ±2%–11% ±3%–12% ±0–0 (±real ±user ±system), SUCCESS, all 20 (208 206 195 203 218 200 206 201 233 217 208 209 212 206 218 209 208 214 210 211), (364 360 336 360 392 352 360 356 416 388 364 368 376 360 388 368 368 380 372 376), (0 0 0 0 0 0 0 0 0 0 0 0 0 0 0 0 0 0 0 0)
TEST_XCHG+yield:      210 360 360 0 (real CPU user system), ±4%–18% ±10%–55% ±0–4 (±real ±user ±system), SUCCESS, all 20 (219 212 207 205 249 197 237 211 175 177 221 217 211 208 209 213 209 210 209 213), (388 376 364 360 456 340 424 312 160 256 396 384 376 368 368 380 372 372 368 380), (0 0 0 0 0 0 0 0 0 0 0 0 4 0 0 0 0 0 0 0)
XCHG+yield:           212 375 375 0 (real CPU user system), ±1%–6% ±2%–7% ±0–0 (±real ±user ±system), SUCCESS, all 20 (213 212 210 208 207 212 215 213 208 206 216 204 213 207 215 212 223 225 222 209), (380 376 376 364 360 376 384 380 364 368 384 356 380 364 380 376 404 388 384 372), (0 0 0 0 0 0 0 0 0 0 0 0 0 0 0 0 0 0 0 0)
PETERSON:             213 378 378 0 (real CPU user system), ±4%–10% ±5%–13% ±0–4 (±real ±user ±system), SUCCESS, all 20 (222 215 234 199 235 210 211 212 207 211 210 213 231 190 218 211 223 192 200 227), (396 384 404 348 428 372 380 376 364 372 372 380 416 328 388 376 404 332 348 404), (0 0 0 0 0 0 0 0 0 0 0 0 0 0 0 0 0 0 4 0)

Start time:     2020-11-23 17:58:06
End time:       2020-11-23 17:59:14
Total time:     1:08
CFLAGS used:    -Wall -D_REENTRANT
Arguments used: -q -w -a3 -f2 -s0 -t4000000 -c2

Linux fei-as 2.6.15-57-686 #1 SMP PREEMPT Wed Apr 27 18:09:24 UTC 2011 i686 GNU/Linux

2 CPU(s)

processor	: 1
vendor_id	: GenuineIntel
cpu family	: 15
model		: 3
model name	: Intel(R) Pentium(R) 4 CPU 2.80GHz
stepping	: 4
cpu MHz		: 2793.667
cache size	: 1024 KB
fdiv_bug	: no
hlt_bug		: no
f00f_bug	: no
coma_bug	: no
fpu		: yes
fpu_exception	: yes
cpuid level	: 5
wp		: yes
flags		: fpu vme de pse tsc msr pae mce cx8 apic sep mtrr pge mca cmov pat pse36 clflush dts acpi mmx fxsr sse sse2 ss ht tm pbe pni monitor ds_cpl cid xtpr
bogomips	: 5586.52
